0 [3]
1 [3]
2 [18]
3 [12]
4 [14]
5 [3]
6 [14]
7 [3]
8 [3]
9 [14]
10 [3]
11 [3]
12 [3]
13 [14]
14 [14]
15 [0]
16 [0]
17 [3]
18 [1]
19 [14]
20 [0]
21 [14]
22 [7]
23 [18]
24 [6]
25 [5]
26 [3]
27 [12]
28 [11]
29 [3]
30 [18]
31 [7]
32 [13]
33 [2]
34 [7]
35 [12]
36 [12]
37 [14]
38 [3]
39 [16]
40 [6]
41 [3]
42 [6]
43 [3]
44 [18]
45 [4]
46 [5]
47 [14]
48 [10]
49 [6]
50 [0]
51 [12]
52 [14]
53 [6]
54 [18]
55 [18]
56 [0]
57 [18]
58 [3]
59 [17]
60 [17]
61 [18]
62 [18]
63 [18]
64 [3]
65 [3]
66 [0]
67 [5]
68 [9]
69 [9]
70 [0]
71 [12]
72 [3]
73 [14]
74 [3]
75 [12]
76 [4]
77 [14]
78 [7]
79 [2]
80 [12]
81 [17]
82 [7]
83 [0]
84 [9]
85 [8]
86 [17]
87 [12]
88 [3]
89 [3]
90 [11]
91 [10]
92 [0]
93 [12]
94 [1]
95 [14]
96 [13]
97 [13]
98 [2]
99 [18]
100 [18]
101 [4]
102 [12]
103 [6]
104 [14]
105 [18]
106 [12]
107 [13]
108 [4]
109 [11]
110 [12]
111 [11]
112 [14]
113 [18]
114 [18]
115 [13]
116 [18]
117 [19]
118 [18]
119 [6]
120 [5]
121 [15]
122 [14]
123 [7]
124 [3]
125 [18]
126 [3]
127 [17]
128 [5]
129 [15]
130 [0]
131 [12]
132 [12]
133 [7]
134 [13]
135 [18]
136 [13]
137 [12]
138 [2]
139 [6]
140 [5]
141 [6]
142 [11]
143 [10]
144 [18]
145 [12]
146 [13]
147 [0]
148 [5]
149 [17]
150 [8]
151 [11]
152 [18]
153 [3]
154 [7]
155 [13]
156 [12]
157 [3]
158 [4]
159 [16]
160 [17]
161 [17]
162 [7]
163 [14]
164 [4]
165 [18]
166 [2]
167 [0]
168 [18]
169 [3]
170 [18]
171 [2]
172 [2]
173 [14]
174 [13]
175 [8]
176 [12]
177 [7]
178 [5]
179 [18]
180 [3]
181 [19]
182 [15]
183 [9]
184 [17]
185 [17]
186 [18]
187 [12]
188 [14]
189 [9]
190 [14]
191 [18]
192 [12]
193 [5]
194 [9]
195 [12]
196 [3]
197 [18]
198 [3]
199 [18]
200 [18]
201 [5]
202 [18]
203 [3]
204 [2]
205 [5]
206 [18]
207 [1]
208 [3]
209 [15]
210 [18]
211 [16]
212 [3]
213 [11]
214 [16]
215 [12]
216 [16]
217 [6]
218 [2]
219 [19]
220 [15]
221 [3]
222 [3]
223 [17]
224 [13]
225 [18]
226 [7]
227 [13]
228 [5]
229 [19]
230 [0]
231 [12]
232 [2]
233 [11]
234 [2]
235 [13]
236 [9]
237 [3]
238 [14]
239 [14]
240 [5]
241 [18]
242 [10]
243 [17]
244 [18]
245 [12]
246 [0]
247 [6]
248 [18]
249 [2]
250 [0]
251 [18]
252 [19]
253 [19]
254 [17]
255 [7]
256 [18]
257 [17]
258 [9]
259 [0]
260 [16]
261 [18]
262 [2]
263 [6]
264 [2]
265 [11]
266 [14]
267 [7]
268 [3]
269 [16]
270 [7]
271 [2]
272 [6]
273 [3]
274 [12]
275 [0]
276 [4]
277 [16]
278 [7]
279 [13]
280 [17]
281 [16]
282 [12]
283 [0]
284 [12]
285 [14]
286 [3]
287 [3]
288 [1]
289 [3]
290 [14]
291 [17]
292 [13]
293 [15]
294 [9]
295 [18]
296 [14]
297 [12]
298 [5]
299 [6]
300 [14]
301 [12]
302 [12]
303 [13]
304 [19]
305 [3]
306 [16]
307 [16]
308 [12]
309 [12]
310 [6]
311 [3]
312 [3]
313 [8]
314 [12]
315 [17]
316 [6]
317 [6]
318 [2]
319 [12]
320 [11]
321 [7]
322 [11]
323 [7]
324 [3]
325 [2]
326 [14]
327 [7]
328 [14]
329 [17]
330 [1]
331 [3]
332 [0]
333 [9]
334 [10]
335 [14]
336 [17]
337 [3]
338 [19]
339 [13]
340 [17]
341 [8]
342 [11]
343 [8]
344 [0]
345 [10]
346 [14]
347 [10]
348 [4]
349 [11]
350 [5]
351 [17]
352 [11]
353 [1]
354 [14]
355 [17]
356 [9]
357 [7]
358 [6]
359 [17]
360 [9]
361 [12]
362 [5]
363 [0]
364 [5]
365 [3]
366 [15]
367 [13]
368 [6]
369 [17]
370 [5]
371 [6]
372 [18]
373 [18]
374 [17]
375 [12]
376 [18]
377 [2]
378 [9]
379 [3]
380 [5]
381 [14]
382 [2]
383 [7]
384 [16]
385 [17]
386 [15]
387 [15]
388 [12]
389 [5]
390 [18]
391 [18]
392 [12]
393 [18]
394 [15]
395 [16]
396 [2]
397 [8]
398 [7]
399 [17]
400 [13]
401 [16]
402 [14]
403 [7]
404 [19]
405 [5]
406 [14]
407 [17]
408 [4]
409 [5]
410 [17]
411 [2]
412 [5]
413 [16]
414 [17]
415 [16]
416 [3]
417 [8]
418 [18]
419 [15]
420 [18]
421 [0]
422 [7]
423 [9]
424 [4]
425 [17]
426 [5]
427 [13]
428 [12]
429 [17]
430 [12]
431 [19]
432 [12]
433 [0]
434 [18]
435 [10]
436 [7]
437 [17]
438 [12]
439 [16]
440 [16]
441 [17]
442 [13]
443 [12]
444 [12]
445 [3]
446 [16]
447 [2]
448 [18]
449 [9]
450 [12]
451 [14]
452 [18]
453 [15]
454 [0]
455 [7]
456 [7]
457 [17]
458 [0]
459 [9]
460 [19]
461 [17]
462 [11]
463 [19]
464 [17]
465 [17]
466 [0]
467 [11]
468 [12]
469 [17]
470 [14]
471 [19]
472 [9]
473 [8]
474 [19]
475 [1]
476 [15]
477 [12]
478 [0]
479 [0]
480 [19]
481 [18]
482 [18]
483 [19]
484 [10]
485 [17]
486 [12]
487 [9]
488 [9]
489 [6]
490 [10]
491 [18]
492 [12]
493 [0]
494 [16]
495 [15]
496 [19]
497 [12]
498 [7]
499 [18]
500 [0]
501 [18]
502 [16]
503 [5]
504 [16]
505 [3]
506 [16]
507 [2]
508 [5]
509 [9]
510 [4]
511 [18]
512 [9]
513 [3]
514 [14]
515 [3]
516 [17]
517 [5]
518 [14]
519 [11]
520 [0]
521 [3]
522 [8]
523 [13]
524 [6]
525 [4]
526 [17]
527 [19]
528 [19]
529 [11]
530 [0]
531 [14]
532 [6]
533 [18]
534 [2]
535 [17]
536 [14]
537 [16]
538 [0]
539 [15]
540 [19]
541 [8]
542 [14]
543 [12]
544 [0]
545 [10]
546 [9]
547 [3]
548 [6]
549 [17]
550 [10]
551 [3]
552 [3]
553 [18]
554 [5]
555 [7]
556 [1]
557 [19]
558 [9]
559 [16]
560 [0]
561 [12]
562 [17]
563 [10]
564 [18]
565 [13]
566 [14]
567 [0]
568 [18]
569 [4]
570 [18]
571 [15]
572 [12]
573 [7]
574 [6]
575 [19]
576 [7]
577 [14]
578 [13]
579 [13]
580 [3]
581 [18]
582 [3]
583 [3]
584 [12]
585 [12]
586 [15]
587 [15]
588 [14]
589 [16]
590 [16]
591 [3]
592 [12]
593 [12]
594 [2]
595 [12]
596 [6]
597 [10]
598 [3]
599 [3]
600 [8]
601 [12]
602 [18]
603 [12]
604 [3]
605 [2]
606 [19]
607 [12]
608 [6]
609 [6]
610 [6]
611 [6]
612 [16]
613 [16]
614 [17]
615 [15]
616 [10]
617 [18]
618 [16]
619 [16]
620 [6]
621 [6]
622 [7]
